{
 "cells": [
  {
   "cell_type": "code",
   "execution_count": 18,
   "metadata": {},
   "outputs": [
    {
     "name": "stdout",
     "output_type": "stream",
     "text": [
      "\n",
      "File: cycle_knn_k10.npy\n",
      "scores: [[0.95117188 0.92480469]\n",
      " [0.9296875  0.94824219]]\n",
      "(2, 2)\n",
      "indices: [[[23. 23.]\n",
      "  [-1. -1.]]\n",
      "\n",
      " [[19. -1.]\n",
      "  [21. 20.]]]\n",
      "(2, 2, 2)\n",
      "\n",
      "File: cka.npy\n",
      "scores: [[1.0000031  0.93485945]\n",
      " [0.93485945 1.00000203]]\n",
      "(2, 2)\n",
      "indices: [[[22. 22.]\n",
      "  [12. 13.]]\n",
      "\n",
      " [[13. 12.]\n",
      "  [22. 22.]]]\n",
      "(2, 2, 2)\n",
      "\n",
      "File: all_alignment_mutual_knn_k10.npy\n",
      "all_alignments: [[1.         0.25839844 0.27089846 ... 0.15058595 0.14541015 0.13662109]\n",
      " [0.25839844 1.         0.52158201 ... 0.16220704 0.15976563 0.1584961 ]\n",
      " [0.27089846 0.52158201 1.         ... 0.18730468 0.18603516 0.18779299]\n",
      " ...\n",
      " [0.15058595 0.16220704 0.18730468 ... 1.         0.86318362 0.54140627]\n",
      " [0.14541015 0.15976563 0.18603516 ... 0.86318362 1.         0.59746093]\n",
      " [0.13662109 0.1584961  0.18779299 ... 0.54140627 0.59746093 1.        ]]\n",
      "(81, 81)\n",
      "\n",
      "File: unbiased_cka.npy\n",
      "scores: [[0.99979562 0.92984909]\n",
      " [0.92984909 0.99981648]]\n",
      "(2, 2)\n",
      "indices: [[[23. 23.]\n",
      "  [12. 13.]]\n",
      "\n",
      " [[13. 12.]\n",
      "  [23. 23.]]]\n",
      "(2, 2, 2)\n",
      "\n",
      "File: svcca.npy\n",
      "scores: [[0.8550464  0.82115573]\n",
      " [0.82115573 0.88534151]]\n",
      "(2, 2)\n",
      "indices: [[[24. 24.]\n",
      "  [12. 14.]]\n",
      "\n",
      " [[14. 12.]\n",
      "  [13. 14.]]]\n",
      "(2, 2, 2)\n",
      "\n",
      "File: mutual_knn_k10.npy\n",
      "scores: [[1.         0.64218754 0.64013672 0.62373054 0.625      0.42851561\n",
      "  0.41601562 0.40400392 0.4227539  0.41201174 0.39179689 0.38515627]\n",
      " [0.64218754 1.         0.67392576 0.66630858 0.65429688 0.47060549\n",
      "  0.45283204 0.4383789  0.45185548 0.43925783 0.4209961  0.41748047]\n",
      " [0.64013672 0.67392576 1.         0.73759764 0.69775391 0.48222655\n",
      "  0.4730469  0.45537111 0.47089845 0.45712891 0.43623048 0.44003907]\n",
      " [0.62373054 0.66630858 0.73759764 1.         0.74355471 0.50546873\n",
      "  0.49619141 0.47998047 0.49472654 0.47587889 0.45869142 0.45781249]\n",
      " [0.625      0.65429688 0.69775391 0.74355471 1.         0.54482424\n",
      "  0.53154302 0.51582032 0.53339839 0.51298833 0.4904297  0.4904297 ]\n",
      " [0.42851561 0.47060549 0.48222655 0.50546873 0.54482424 1.\n",
      "  0.73154294 0.7233398  0.6978516  0.66630864 0.61982429 0.60136718]\n",
      " [0.41601562 0.45283204 0.4730469  0.49619141 0.53154302 0.73154294\n",
      "  1.         0.74228513 0.70869142 0.68847656 0.64882815 0.62656248]\n",
      " [0.40400392 0.4383789  0.45537111 0.47998047 0.51582032 0.7233398\n",
      "  0.74228513 1.         0.72080076 0.71191406 0.68212897 0.66542971]\n",
      " [0.4227539  0.45185548 0.47089845 0.49472654 0.53339839 0.6978516\n",
      "  0.70869142 0.72080076 1.         0.76445311 0.72041011 0.69853514]\n",
      " [0.41201174 0.43925783 0.45712891 0.47587889 0.51298833 0.66630864\n",
      "  0.68847656 0.71191406 0.76445311 1.         0.74853516 0.72851562]\n",
      " [0.39179689 0.4209961  0.43623048 0.45869142 0.4904297  0.61982429\n",
      "  0.64882815 0.68212897 0.72041011 0.74853516 1.         0.77031249]\n",
      " [0.38515627 0.41748047 0.44003907 0.45781249 0.4904297  0.60136718\n",
      "  0.62656248 0.66542971 0.69853514 0.72851562 0.77031249 1.        ]]\n",
      "(12, 12)\n",
      "indices: [[[-1. -1.]\n",
      "  [-1. -1.]\n",
      "  [-1. -1.]\n",
      "  [-1. -1.]\n",
      "  [ 0.  0.]\n",
      "  [18. -1.]\n",
      "  [22. -1.]\n",
      "  [26. -1.]\n",
      "  [18. -1.]\n",
      "  [18. -1.]\n",
      "  [26. -1.]\n",
      "  [34. -1.]]\n",
      "\n",
      " [[-1. -1.]\n",
      "  [-1. -1.]\n",
      "  [-1. -1.]\n",
      "  [-1. -1.]\n",
      "  [ 0.  0.]\n",
      "  [-1. -1.]\n",
      "  [22. -1.]\n",
      "  [26. -1.]\n",
      "  [18. -1.]\n",
      "  [15. 17.]\n",
      "  [26. -1.]\n",
      "  [34. 17.]]\n",
      "\n",
      " [[-1. -1.]\n",
      "  [-1. -1.]\n",
      "  [-1. -1.]\n",
      "  [ 0.  0.]\n",
      "  [ 0.  0.]\n",
      "  [19. -1.]\n",
      "  [22. -1.]\n",
      "  [26. -1.]\n",
      "  [18. -1.]\n",
      "  [15. 18.]\n",
      "  [26. -1.]\n",
      "  [34. 18.]]\n",
      "\n",
      " [[-1. -1.]\n",
      "  [-1. -1.]\n",
      "  [ 0.  0.]\n",
      "  [-1. -1.]\n",
      "  [ 0.  0.]\n",
      "  [19. -1.]\n",
      "  [22. -1.]\n",
      "  [28. -1.]\n",
      "  [18. -1.]\n",
      "  [18. -1.]\n",
      "  [26. -1.]\n",
      "  [34. 22.]]\n",
      "\n",
      " [[ 0.  0.]\n",
      "  [ 0.  0.]\n",
      "  [ 0.  0.]\n",
      "  [ 0.  0.]\n",
      "  [-1. -1.]\n",
      "  [-1. 26.]\n",
      "  [-1. 26.]\n",
      "  [28. 24.]\n",
      "  [18. -1.]\n",
      "  [-1. 26.]\n",
      "  [26. 23.]\n",
      "  [34. 21.]]\n",
      "\n",
      " [[-1. 18.]\n",
      "  [-1. -1.]\n",
      "  [-1. 19.]\n",
      "  [-1. 19.]\n",
      "  [26. -1.]\n",
      "  [-1. -1.]\n",
      "  [-1. -1.]\n",
      "  [-1. -1.]\n",
      "  [-1. -1.]\n",
      "  [-1. -1.]\n",
      "  [-1. -1.]\n",
      "  [-1. -1.]]\n",
      "\n",
      " [[-1. 22.]\n",
      "  [-1. 22.]\n",
      "  [-1. 22.]\n",
      "  [-1. 22.]\n",
      "  [26. -1.]\n",
      "  [-1. -1.]\n",
      "  [-1. -1.]\n",
      "  [-1. -1.]\n",
      "  [-1. -1.]\n",
      "  [-1. -1.]\n",
      "  [-1. -1.]\n",
      "  [-1. -1.]]\n",
      "\n",
      " [[-1. 26.]\n",
      "  [-1. 26.]\n",
      "  [-1. 26.]\n",
      "  [-1. 28.]\n",
      "  [24. 28.]\n",
      "  [-1. -1.]\n",
      "  [-1. -1.]\n",
      "  [-1. -1.]\n",
      "  [-1. -1.]\n",
      "  [-1. -1.]\n",
      "  [-1. -1.]\n",
      "  [-1. -1.]]\n",
      "\n",
      " [[-1. 18.]\n",
      "  [-1. 18.]\n",
      "  [-1. 18.]\n",
      "  [-1. 18.]\n",
      "  [-1. 18.]\n",
      "  [-1. -1.]\n",
      "  [-1. -1.]\n",
      "  [-1. -1.]\n",
      "  [-1. -1.]\n",
      "  [-1. -1.]\n",
      "  [-1. -1.]\n",
      "  [-1. -1.]]\n",
      "\n",
      " [[-1. 18.]\n",
      "  [17. 15.]\n",
      "  [18. 15.]\n",
      "  [-1. 18.]\n",
      "  [26. -1.]\n",
      "  [-1. -1.]\n",
      "  [-1. -1.]\n",
      "  [-1. -1.]\n",
      "  [-1. -1.]\n",
      "  [-1. -1.]\n",
      "  [-1. -1.]\n",
      "  [-1. -1.]]\n",
      "\n",
      " [[-1. 26.]\n",
      "  [-1. 26.]\n",
      "  [-1. 26.]\n",
      "  [-1. 26.]\n",
      "  [23. 26.]\n",
      "  [-1. -1.]\n",
      "  [-1. -1.]\n",
      "  [-1. -1.]\n",
      "  [-1. -1.]\n",
      "  [-1. -1.]\n",
      "  [-1. -1.]\n",
      "  [-1. -1.]]\n",
      "\n",
      " [[-1. 34.]\n",
      "  [17. 34.]\n",
      "  [18. 34.]\n",
      "  [22. 34.]\n",
      "  [21. 34.]\n",
      "  [-1. -1.]\n",
      "  [-1. -1.]\n",
      "  [-1. -1.]\n",
      "  [-1. -1.]\n",
      "  [-1. -1.]\n",
      "  [-1. -1.]\n",
      "  [-1. -1.]]]\n",
      "(12, 12, 2)\n"
     ]
    }
   ],
   "source": [
    "import numpy as np\n",
    "import os\n",
    "\n",
    "alignment_dir = 'results/alignment/minhuh/prh/val/language_pool-avg_prompt-False_language_pool-avg_prompt-False/'\n",
    "\n",
    "for filename in os.listdir(alignment_dir):\n",
    "    fp = os.path.join(alignment_dir, filename)\n",
    "    print(f\"\\nFile: {filename}\")\n",
    "    result = np.load(fp, allow_pickle=True).item()\n",
    "    for key in result.keys():\n",
    "        print(f\"{key}:\", result[key])\n",
    "        print(result[key].shape)"
   ]
  },
  {
   "cell_type": "code",
   "execution_count": 19,
   "metadata": {},
   "outputs": [
    {
     "name": "stdout",
     "output_type": "stream",
     "text": [
      "\n",
      "All alignments file contents:\n",
      "\n",
      "all_alignments:\n",
      "[[1.         0.25839844 0.27089846 ... 0.15058595 0.14541015 0.13662109]\n",
      " [0.25839844 1.         0.52158201 ... 0.16220704 0.15976563 0.1584961 ]\n",
      " [0.27089846 0.52158201 1.         ... 0.18730468 0.18603516 0.18779299]\n",
      " ...\n",
      " [0.15058595 0.16220704 0.18730468 ... 1.         0.86318362 0.54140627]\n",
      " [0.14541015 0.15976563 0.18603516 ... 0.86318362 1.         0.59746093]\n",
      " [0.13662109 0.1584961  0.18779299 ... 0.54140627 0.59746093 1.        ]]\n",
      "Shape: (81, 81)\n"
     ]
    }
   ],
   "source": [
    "import numpy as np\n",
    "\n",
    "# Load and print the all alignments file\n",
    "alignment_file = os.path.join(alignment_dir, 'all_alignment_mutual_knn_k10.npy')\n",
    "result = np.load(alignment_file, allow_pickle=True).item()\n",
    "\n",
    "print(\"\\nAll alignments file contents:\")\n",
    "for key, value in result.items():\n",
    "    print(f\"\\n{key}:\")\n",
    "    print(value)\n",
    "    print(f\"Shape: {value.shape}\")\n"
   ]
  },
  {
   "cell_type": "code",
   "execution_count": 22,
   "metadata": {},
   "outputs": [
    {
     "name": "stdout",
     "output_type": "stream",
     "text": [
      "\n",
      "Mutual KNN k=10 file contents:\n",
      "\n",
      "(0, 0):\n",
      "[[1.         0.41474611 0.32197267 0.28789061 0.24023438 0.20576173\n",
      "  0.18916015 0.17138672 0.15546875 0.14433594 0.13222656 0.13164063\n",
      "  0.12832031 0.12363282 0.12353516 0.11855469 0.12060547 0.11582032\n",
      "  0.1116211  0.11171875 0.10683594 0.10224609 0.09863281 0.09433594\n",
      "  0.09082031]\n",
      " [0.41474611 1.         0.66435546 0.57968748 0.49013671 0.39960939\n",
      "  0.3636719  0.33232424 0.31396484 0.29462892 0.27197266 0.26513672\n",
      "  0.25312501 0.24296875 0.23808593 0.23105469 0.22841796 0.21884766\n",
      "  0.21113282 0.20527345 0.19511719 0.18583985 0.17666017 0.16816406\n",
      "  0.16298828]\n",
      " [0.32197267 0.66435546 1.         0.77050781 0.63701177 0.51640618\n",
      "  0.46748048 0.4227539  0.39267579 0.36406249 0.33749998 0.32910156\n",
      "  0.31269532 0.30126953 0.29560548 0.28349611 0.28115234 0.27011719\n",
      "  0.26064456 0.25400394 0.24306642 0.22968751 0.21845704 0.20898438\n",
      "  0.20029297]\n",
      " [0.28789061 0.57968748 0.77050781 1.         0.7464844  0.59013671\n",
      "  0.52382815 0.47167969 0.43857419 0.40556639 0.37382811 0.36523438\n",
      "  0.34638673 0.33496094 0.32763672 0.31455079 0.31123048 0.29902345\n",
      "  0.28808594 0.27988279 0.26777345 0.25214845 0.24003908 0.22812501\n",
      "  0.2196289 ]\n",
      " [0.24023438 0.49013671 0.63701177 0.7464844  1.         0.72089845\n",
      "  0.64277345 0.57998049 0.53818357 0.49892581 0.46152344 0.44999999\n",
      "  0.42939454 0.41259766 0.40351561 0.39111328 0.38437501 0.36875001\n",
      "  0.35361329 0.34189457 0.32685548 0.30390626 0.28574216 0.27285159\n",
      "  0.26005858]\n",
      " [0.20576173 0.39960939 0.51640618 0.59013671 0.72089845 1.\n",
      "  0.8132813  0.71708989 0.65429688 0.6076172  0.56357419 0.54853517\n",
      "  0.52343744 0.50527346 0.4939453  0.47900391 0.46660158 0.44824219\n",
      "  0.43115234 0.41621095 0.39716798 0.37021488 0.34599608 0.32978517\n",
      "  0.31093749]\n",
      " [0.18916015 0.3636719  0.46748048 0.52382815 0.64277345 0.8132813\n",
      "  1.         0.83388674 0.75439459 0.69365239 0.64169919 0.62099612\n",
      "  0.58964843 0.56201172 0.54736328 0.52871096 0.51054692 0.48642579\n",
      "  0.46562499 0.44775391 0.42675781 0.39375001 0.36738282 0.34648436\n",
      "  0.32675782]\n",
      " [0.17138672 0.33232424 0.4227539  0.47167969 0.57998049 0.71708989\n",
      "  0.83388674 1.         0.85107422 0.77724612 0.71240234 0.68378907\n",
      "  0.6449219  0.60810548 0.59042966 0.56835938 0.54638672 0.51718748\n",
      "  0.49248049 0.47197267 0.44765627 0.4105469  0.3819336  0.35908204\n",
      "  0.33642578]\n",
      " [0.15546875 0.31396484 0.39267579 0.43857419 0.53818357 0.65429688\n",
      "  0.75439459 0.85107422 1.         0.86611331 0.7922852  0.74853516\n",
      "  0.69365239 0.64414066 0.61962891 0.59384769 0.56474608 0.53085935\n",
      "  0.50205076 0.47910157 0.45214844 0.41298831 0.38222659 0.35898438\n",
      "  0.33222657]\n",
      " [0.14433594 0.29462892 0.36406249 0.40556639 0.49892581 0.6076172\n",
      "  0.69365239 0.77724612 0.86611331 1.         0.87187505 0.81298828\n",
      "  0.74599612 0.68779302 0.65361333 0.62421876 0.5905273  0.55273438\n",
      "  0.52138674 0.49619141 0.46757811 0.42597657 0.39306641 0.36767578\n",
      "  0.34101564]\n",
      " [0.13222656 0.27197266 0.33749998 0.37382811 0.46152344 0.56357419\n",
      "  0.64169919 0.71240234 0.7922852  0.87187505 1.         0.86542976\n",
      "  0.7898438  0.72695315 0.68427736 0.65068364 0.61259764 0.57099611\n",
      "  0.53876954 0.51113278 0.47832033 0.43535158 0.4009766  0.37714845\n",
      "  0.34960938]\n",
      " [0.13164063 0.26513672 0.32910156 0.36523438 0.44999999 0.54853517\n",
      "  0.62099612 0.68378907 0.74853516 0.81298828 0.86542976 1.\n",
      "  0.85351562 0.78222656 0.734375   0.69775391 0.65722656 0.61074221\n",
      "  0.57480472 0.54375005 0.51113284 0.46484375 0.42812502 0.40156251\n",
      "  0.36884767]\n",
      " [0.12832031 0.25312501 0.31269532 0.34638673 0.42939454 0.52343744\n",
      "  0.58964843 0.6449219  0.69365239 0.74599612 0.7898438  0.85351562\n",
      "  1.         0.86328125 0.80888677 0.76455081 0.71962893 0.66884768\n",
      "  0.62656248 0.59003907 0.55458987 0.50371099 0.46533203 0.43613282\n",
      "  0.39941406]\n",
      " [0.12363282 0.24296875 0.30126953 0.33496094 0.41259766 0.50527346\n",
      "  0.56201172 0.60810548 0.64414066 0.68779302 0.72695315 0.78222656\n",
      "  0.86328125 1.         0.87431645 0.82470703 0.77050781 0.71201169\n",
      "  0.66503906 0.62441403 0.58828127 0.53398436 0.49111328 0.45937499\n",
      "  0.42031249]\n",
      " [0.12353516 0.23808593 0.29560548 0.32763672 0.40351561 0.4939453\n",
      "  0.54736328 0.59042966 0.61962891 0.65361333 0.68427736 0.734375\n",
      "  0.80888677 0.87431645 1.         0.89150393 0.83183599 0.76562506\n",
      "  0.71582031 0.67070311 0.6335938  0.57421875 0.52763677 0.49414062\n",
      "  0.44863284]\n",
      " [0.11855469 0.23105469 0.28349611 0.31455079 0.39111328 0.47900391\n",
      "  0.52871096 0.56835938 0.59384769 0.62421876 0.65068364 0.69775391\n",
      "  0.76455081 0.82470703 0.89150393 1.         0.88486332 0.80722654\n",
      "  0.75546873 0.70869142 0.67041022 0.60898435 0.55888671 0.52470702\n",
      "  0.47539064]\n",
      " [0.12060547 0.22841796 0.28115234 0.31123048 0.38437501 0.46660158\n",
      "  0.51054692 0.54638672 0.56474608 0.5905273  0.61259764 0.65722656\n",
      "  0.71962893 0.77050781 0.83183599 0.88486332 1.         0.87568361\n",
      "  0.81630862 0.76689452 0.72431642 0.65917969 0.60546875 0.56640625\n",
      "  0.51445311]\n",
      " [0.11582032 0.21884766 0.27011719 0.29902345 0.36875001 0.44824219\n",
      "  0.48642579 0.51718748 0.53085935 0.55273438 0.57099611 0.61074221\n",
      "  0.66884768 0.71201169 0.76562506 0.80722654 0.87568361 1.\n",
      "  0.89267582 0.83964849 0.78808594 0.71904296 0.66093755 0.61806643\n",
      "  0.55390626]\n",
      " [0.1116211  0.21113282 0.26064456 0.28808594 0.35361329 0.43115234\n",
      "  0.46562499 0.49248049 0.50205076 0.52138674 0.53876954 0.57480472\n",
      "  0.62656248 0.66503906 0.71582031 0.75546873 0.81630862 0.89267582\n",
      "  1.         0.89980471 0.84707034 0.77021486 0.70371091 0.65810549\n",
      "  0.58525395]\n",
      " [0.11171875 0.20527345 0.25400394 0.27988279 0.34189457 0.41621095\n",
      "  0.44775391 0.47197267 0.47910157 0.49619141 0.51113278 0.54375005\n",
      "  0.59003907 0.62441403 0.67070311 0.70869142 0.76689452 0.83964849\n",
      "  0.89980471 1.         0.89785159 0.81621099 0.74423826 0.69521487\n",
      "  0.61181641]\n",
      " [0.10683594 0.19511719 0.24306642 0.26777345 0.32685548 0.39716798\n",
      "  0.42675781 0.44765627 0.45214844 0.46757811 0.47832033 0.51113284\n",
      "  0.55458987 0.58828127 0.6335938  0.67041022 0.72431642 0.78808594\n",
      "  0.84707034 0.89785159 1.         0.86757815 0.78701174 0.73486328\n",
      "  0.64169925]\n",
      " [0.10224609 0.18583985 0.22968751 0.25214845 0.30390626 0.37021488\n",
      "  0.39375001 0.4105469  0.41298831 0.42597657 0.43535158 0.46484375\n",
      "  0.50371099 0.53398436 0.57421875 0.60898435 0.65917969 0.71904296\n",
      "  0.77021486 0.81621099 0.86757815 1.         0.87089843 0.80742192\n",
      "  0.68964845]\n",
      " [0.09863281 0.17666017 0.21845704 0.24003908 0.28574216 0.34599608\n",
      "  0.36738282 0.3819336  0.38222659 0.39306641 0.4009766  0.42812502\n",
      "  0.46533203 0.49111328 0.52763677 0.55888671 0.60546875 0.66093755\n",
      "  0.70371091 0.74423826 0.78701174 0.87089843 1.         0.89072269\n",
      "  0.73505867]\n",
      " [0.09433594 0.16816406 0.20898438 0.22812501 0.27285159 0.32978517\n",
      "  0.34648436 0.35908204 0.35898438 0.36767578 0.37714845 0.40156251\n",
      "  0.43613282 0.45937499 0.49414062 0.52470702 0.56640625 0.61806643\n",
      "  0.65810549 0.69521487 0.73486328 0.80742192 0.89072269 1.\n",
      "  0.76425779]\n",
      " [0.09082031 0.16298828 0.20029297 0.2196289  0.26005858 0.31093749\n",
      "  0.32675782 0.33642578 0.33222657 0.34101564 0.34960938 0.36884767\n",
      "  0.39941406 0.42031249 0.44863284 0.47539064 0.51445311 0.55390626\n",
      "  0.58525395 0.61181641 0.64169925 0.68964845 0.73505867 0.76425779\n",
      "  1.        ]]\n",
      "Shape: (25, 25)\n",
      "\n",
      "(0, 1):\n",
      "[[0.56279302 0.31191409 0.25048828 0.23007813 0.19580078 0.16591798\n",
      "  0.15263672 0.13984376 0.12773438 0.11933594 0.10966797 0.10820313\n",
      "  0.10625    0.10341796 0.10390625 0.10107422 0.10205078 0.09716797\n",
      "  0.09511719 0.09306641 0.09023438 0.08808593 0.08603515 0.08378907\n",
      "  0.0828125 ]\n",
      " [0.40781248 0.53076172 0.47783202 0.44687501 0.39179689 0.32431641\n",
      "  0.29716799 0.27226564 0.25322267 0.23935547 0.2234375  0.21660158\n",
      "  0.21152344 0.20507812 0.20351562 0.1966797  0.19404297 0.18447267\n",
      "  0.17851563 0.17246094 0.16435549 0.15800782 0.14970702 0.14511719\n",
      "  0.14052735]\n",
      " [0.33095703 0.52646482 0.55751956 0.54023439 0.48759764 0.41201174\n",
      "  0.37734377 0.34335938 0.32167968 0.30136719 0.2821289  0.27382812\n",
      "  0.26777345 0.25761718 0.2542969  0.24667969 0.24345703 0.23339844\n",
      "  0.22470704 0.21777344 0.20771486 0.19785157 0.18925783 0.17998046\n",
      "  0.17666017]\n",
      " [0.27939451 0.48681641 0.56386721 0.57626951 0.55302739 0.47509766\n",
      "  0.43945312 0.40595704 0.38203126 0.35771483 0.33144534 0.3254883\n",
      "  0.31669921 0.30429691 0.30107424 0.29287112 0.28945315 0.27744141\n",
      "  0.26855469 0.25966796 0.24746093 0.23378906 0.22265625 0.21132812\n",
      "  0.20722656]\n",
      " [0.24511719 0.43164062 0.52236331 0.55478513 0.58212888 0.54960942\n",
      "  0.52070308 0.48564452 0.45322269 0.42587894 0.39599609 0.39023438\n",
      "  0.38076171 0.37080079 0.36943361 0.36054689 0.35820311 0.34580082\n",
      "  0.33671874 0.32714844 0.31484377 0.296875   0.28164065 0.26718751\n",
      "  0.25761718]\n",
      " [0.21806641 0.37978515 0.47187501 0.50380862 0.55605465 0.58720708\n",
      "  0.57343751 0.54072261 0.50644529 0.48134768 0.45185545 0.44423828\n",
      "  0.43710941 0.42890626 0.42509764 0.41611329 0.41103518 0.3975586\n",
      "  0.38876954 0.37841797 0.36250001 0.3411133  0.32167971 0.30595702\n",
      "  0.29208988]\n",
      " [0.20322266 0.35234374 0.43613282 0.46826172 0.53369141 0.59091794\n",
      "  0.59697264 0.57802737 0.54580081 0.52294922 0.49677736 0.49492186\n",
      "  0.48955077 0.47968751 0.47988284 0.47128907 0.46640623 0.45107421\n",
      "  0.44160157 0.43007815 0.41210938 0.38583985 0.36093751 0.34121096\n",
      "  0.32158202]\n",
      " [0.19277346 0.33603516 0.4123047  0.44306639 0.51171875 0.58408201\n",
      "  0.60693359 0.60332036 0.57958984 0.56240237 0.53769529 0.53671873\n",
      "  0.5304687  0.51689458 0.51484376 0.50371093 0.49619141 0.47802734\n",
      "  0.46708983 0.45488283 0.43320316 0.40390626 0.37744141 0.35576171\n",
      "  0.3333008 ]\n",
      " [0.17548829 0.31865233 0.39003909 0.42031252 0.48916018 0.56533206\n",
      "  0.59960938 0.61416012 0.60361326 0.59570312 0.57822263 0.57978517\n",
      "  0.56943357 0.55419922 0.54970706 0.53505862 0.52265626 0.50136715\n",
      "  0.48613283 0.47246096 0.45009768 0.41738281 0.38789064 0.36503905\n",
      "  0.34140629]\n",
      " [0.16171876 0.30058593 0.36992189 0.39951172 0.46855468 0.54414064\n",
      "  0.58457035 0.60820311 0.61220706 0.61884761 0.60800779 0.6136719\n",
      "  0.60068363 0.58339846 0.57480466 0.55947268 0.54150391 0.51796871\n",
      "  0.49960938 0.48339844 0.45996094 0.42500001 0.39179689 0.36962891\n",
      "  0.3446289 ]\n",
      " [0.14863281 0.28203127 0.34589842 0.37304688 0.43955079 0.51171875\n",
      "  0.55595702 0.58789062 0.60126954 0.61914062 0.62060553 0.6285156\n",
      "  0.61806643 0.60097659 0.58857423 0.57216799 0.55419922 0.52685547\n",
      "  0.5085938  0.49091798 0.46572265 0.42841798 0.39267579 0.36992186\n",
      "  0.34355468]\n",
      " [0.13945313 0.26748049 0.32539064 0.35283202 0.41962892 0.48906249\n",
      "  0.53154296 0.56542975 0.58544922 0.60634768 0.62011719 0.63505864\n",
      "  0.63330078 0.62304688 0.60898435 0.59345704 0.57441413 0.54492188\n",
      "  0.52382815 0.50517583 0.48066407 0.44160157 0.40498048 0.38251954\n",
      "  0.35380858]\n",
      " [0.13359377 0.25097656 0.30742189 0.33330077 0.39697266 0.46425781\n",
      "  0.50400388 0.53486329 0.55380857 0.57666016 0.59472656 0.61962891\n",
      "  0.63339841 0.63525391 0.63212889 0.62109375 0.60302734 0.57441407\n",
      "  0.55419922 0.53447264 0.50888669 0.46728516 0.43203124 0.40849611\n",
      "  0.3741211 ]\n",
      " [0.12509766 0.23750001 0.29326171 0.31816405 0.37949219 0.44794923\n",
      "  0.48554689 0.51523435 0.53125    0.55126953 0.56806636 0.59560549\n",
      "  0.62099612 0.63388675 0.63916016 0.63662112 0.62695312 0.60244143\n",
      "  0.58613276 0.56777346 0.54482424 0.50361323 0.46757811 0.44326174\n",
      "  0.403418  ]\n",
      " [0.12265626 0.22919922 0.28242189 0.30693358 0.36689454 0.43183595\n",
      "  0.46826172 0.49521482 0.50751948 0.52304685 0.53779298 0.56416017\n",
      "  0.59501958 0.61347657 0.62705076 0.63603514 0.63789064 0.61748052\n",
      "  0.60566407 0.58730471 0.56621099 0.52675784 0.49169922 0.4669922\n",
      "  0.42558596]\n",
      " [0.1178711  0.22050783 0.27187502 0.29492188 0.35263675 0.41552734\n",
      "  0.44863281 0.47626954 0.48945314 0.50546879 0.52158201 0.546875\n",
      "  0.57861328 0.6023438  0.61767578 0.63222659 0.63662112 0.62529302\n",
      "  0.61416018 0.59931648 0.57910156 0.53964841 0.50468755 0.47939453\n",
      "  0.43408203]\n",
      " [0.11669922 0.21835938 0.26923829 0.29208982 0.35107422 0.41064453\n",
      "  0.44257814 0.46708983 0.47802734 0.49414062 0.50830078 0.534082\n",
      "  0.56582034 0.58935547 0.60830081 0.62519532 0.63613284 0.63037109\n",
      "  0.62373048 0.61142582 0.59179688 0.55546874 0.51914066 0.49189454\n",
      "  0.44765624]\n",
      " [0.11621094 0.21347657 0.26162112 0.28525391 0.34238282 0.4019531\n",
      "  0.43046877 0.45292968 0.46171874 0.47714841 0.49062502 0.51669919\n",
      "  0.54589844 0.56933594 0.59326172 0.6136719  0.62949222 0.63125002\n",
      "  0.63037109 0.62314451 0.60605466 0.56972659 0.53632814 0.50859374\n",
      "  0.46054688]\n",
      " [0.11435547 0.20810547 0.25458986 0.27724612 0.33144534 0.38828126\n",
      "  0.41484377 0.43613282 0.44111329 0.45634767 0.46718752 0.48984376\n",
      "  0.51826173 0.54111326 0.56904292 0.59052736 0.61250007 0.62744141\n",
      "  0.63388669 0.63339841 0.61914062 0.58730465 0.55458987 0.52578127\n",
      "  0.47597659]\n",
      " [0.10810547 0.19765626 0.24355468 0.26396483 0.31494141 0.37138671\n",
      "  0.39404297 0.41103518 0.41572267 0.42939454 0.4383789  0.45986328\n",
      "  0.48759767 0.51035154 0.53710938 0.55957031 0.58867192 0.61005861\n",
      "  0.62802732 0.63505864 0.6282227  0.60849607 0.58222657 0.55634761\n",
      "  0.50292969]\n",
      " [0.10244141 0.18535157 0.22988282 0.25039065 0.29570314 0.3498047\n",
      "  0.36738282 0.38007814 0.38232422 0.39472657 0.40214846 0.421875\n",
      "  0.45039064 0.47255862 0.49912107 0.52314454 0.55380863 0.58398438\n",
      "  0.60634768 0.62353516 0.625      0.62109375 0.60087895 0.57851565\n",
      "  0.52255863]\n",
      " [0.09775391 0.17558593 0.21679688 0.23623046 0.27851564 0.32939452\n",
      "  0.34599611 0.35771483 0.35917968 0.36992186 0.37656251 0.39589843\n",
      "  0.42294922 0.44511718 0.47031251 0.49462888 0.52558589 0.55830085\n",
      "  0.58173835 0.60087889 0.60830081 0.61572266 0.60527343 0.58447266\n",
      "  0.52802736]\n",
      " [0.09257813 0.16494142 0.20468751 0.22080079 0.26123047 0.31054688\n",
      "  0.32402343 0.33427733 0.33271486 0.34052736 0.34736329 0.36582032\n",
      "  0.39228517 0.41503906 0.4392578  0.46308595 0.49208984 0.52568364\n",
      "  0.54843748 0.57060546 0.58046877 0.60185552 0.60136718 0.5876953\n",
      "  0.52939451]\n",
      " [0.09091797 0.16064453 0.2        0.21445313 0.25273436 0.29882812\n",
      "  0.31005859 0.31835938 0.31562501 0.32363284 0.33017579 0.34785157\n",
      "  0.37412107 0.39482421 0.41796875 0.43984374 0.46806642 0.50185549\n",
      "  0.52412111 0.54638672 0.5589844  0.58300781 0.59072268 0.58408201\n",
      "  0.52929688]\n",
      " [0.08964844 0.15527344 0.19374999 0.20830078 0.24423829 0.28750002\n",
      "  0.29619139 0.30449218 0.30087891 0.30830079 0.31279296 0.32832032\n",
      "  0.35224611 0.37138671 0.39375001 0.41298831 0.44101563 0.47207034\n",
      "  0.49316409 0.51337892 0.52529299 0.54941404 0.56191409 0.55966794\n",
      "  0.52216798]]\n",
      "Shape: (25, 25)\n",
      "\n",
      "(0, 2):\n",
      "[[0.60673827 0.3767578  0.30507815 0.28593749 0.25058594 0.21777344\n",
      "  0.20136718 0.18554688 0.1709961  0.16289063 0.14970705 0.14912109\n",
      "  0.14609376 0.14082032 0.14257812 0.13896485 0.13935548 0.13398437\n",
      "  0.12949219 0.12841797 0.12382814 0.11992188 0.11494141 0.11230469\n",
      "  0.10917969]\n",
      " [0.43671876 0.52216792 0.47431642 0.45039064 0.38955078 0.32626954\n",
      "  0.29951173 0.27402344 0.25703126 0.24238281 0.22441408 0.22080079\n",
      "  0.21630859 0.20800781 0.20683596 0.20068359 0.19804688 0.18945312\n",
      "  0.18291016 0.17910156 0.17109375 0.16474611 0.15917969 0.15292969\n",
      "  0.15058595]\n",
      " [0.32685548 0.51835942 0.55019534 0.54179686 0.48789063 0.41650391\n",
      "  0.38417971 0.35478514 0.33271486 0.31152344 0.28955078 0.28466797\n",
      "  0.27636719 0.26660156 0.26337892 0.25634766 0.25263673 0.24326172\n",
      "  0.23583984 0.2296875  0.21972658 0.20976561 0.20195313 0.19345704\n",
      "  0.19150391]\n",
      " [0.25712889 0.4652344  0.54941404 0.57216793 0.55488276 0.49501956\n",
      "  0.46503904 0.43222657 0.40546876 0.38124999 0.35556638 0.34814456\n",
      "  0.3376953  0.32802734 0.32539064 0.31533206 0.31318361 0.30253905\n",
      "  0.29169923 0.28417969 0.27060547 0.25703126 0.24707033 0.23496094\n",
      "  0.23242188]\n",
      " [0.25595704 0.44394532 0.5347656  0.57001948 0.57871091 0.5425781\n",
      "  0.51308596 0.47705078 0.44628906 0.41972655 0.38906252 0.38203126\n",
      "  0.37197268 0.36230469 0.35820314 0.34794924 0.34335941 0.33105469\n",
      "  0.31972656 0.31083983 0.29824221 0.28193361 0.26806641 0.25380859\n",
      "  0.24667969]\n",
      " [0.24843749 0.41445315 0.50390625 0.5373047  0.5685547  0.58037114\n",
      "  0.55302733 0.52119142 0.48798829 0.46464843 0.43544924 0.43007815\n",
      "  0.41816407 0.40488282 0.40078127 0.38837892 0.38388672 0.37177736\n",
      "  0.35957032 0.35087892 0.33750004 0.31728515 0.30097657 0.28574219\n",
      "  0.27910158]\n",
      " [0.2274414  0.38593751 0.47187501 0.50869143 0.55781251 0.59990233\n",
      "  0.59072268 0.56503904 0.53710938 0.51669919 0.48603517 0.48125002\n",
      "  0.46582031 0.45126954 0.44746095 0.43164062 0.42568362 0.4105469\n",
      "  0.39541015 0.38476562 0.36943358 0.34707034 0.32646486 0.30791017\n",
      "  0.29658204]\n",
      " [0.20087892 0.35117188 0.43125001 0.47138673 0.53173828 0.59501952\n",
      "  0.61035156 0.59814453 0.57832032 0.56455076 0.54179692 0.54111326\n",
      "  0.53056645 0.51503909 0.50996095 0.49453127 0.48603517 0.46562499\n",
      "  0.45000002 0.43554688 0.41894531 0.39042968 0.36582032 0.34443361\n",
      "  0.32822269]\n",
      " [0.18105468 0.32128906 0.39423829 0.42900389 0.49365234 0.56865239\n",
      "  0.60000002 0.60302734 0.58906251 0.58281255 0.56552732 0.56914061\n",
      "  0.56845701 0.55585939 0.55263674 0.54052734 0.53115237 0.51005858\n",
      "  0.49306643 0.47900391 0.46074218 0.42978516 0.40146485 0.38037109\n",
      "  0.35888672]\n",
      " [0.16054687 0.29169923 0.35898435 0.39082032 0.45546874 0.5330078\n",
      "  0.56494141 0.58085942 0.57412112 0.57236332 0.56660157 0.57519531\n",
      "  0.58125001 0.57626951 0.57597661 0.56962895 0.56728518 0.55224609\n",
      "  0.53457034 0.51972663 0.50097656 0.47080079 0.43955079 0.41796875\n",
      "  0.3923828 ]\n",
      " [0.14960937 0.27646485 0.3376953  0.37080079 0.43818361 0.51230466\n",
      "  0.54667974 0.56982422 0.5738281  0.58398438 0.58613282 0.59892583\n",
      "  0.60488284 0.59931642 0.59785157 0.59179688 0.58613282 0.56943357\n",
      "  0.55039066 0.53486329 0.51279294 0.47890627 0.44755861 0.42480469\n",
      "  0.3958008 ]\n",
      " [0.13818359 0.25849611 0.31396484 0.34375    0.40849608 0.48242188\n",
      "  0.51845706 0.54892576 0.56142581 0.58066404 0.5919922  0.61162108\n",
      "  0.63037109 0.62705082 0.62587887 0.61767578 0.606543   0.58652341\n",
      "  0.56669927 0.54716802 0.52412111 0.48730469 0.45341799 0.4314453\n",
      "  0.39873046]\n",
      " [0.13457032 0.24882811 0.30361328 0.33203125 0.39423829 0.46542969\n",
      "  0.50136721 0.53251958 0.54345703 0.56220704 0.578125   0.60107422\n",
      "  0.62373048 0.62978518 0.63183594 0.62802732 0.61777341 0.59863281\n",
      "  0.57988286 0.56044924 0.53847659 0.50009769 0.46503907 0.4417969\n",
      "  0.40595704]\n",
      " [0.12685548 0.23984376 0.29101562 0.31816408 0.38066405 0.44765627\n",
      "  0.48388672 0.51367188 0.52578127 0.5500977  0.56728518 0.59296876\n",
      "  0.61640626 0.62500006 0.63085938 0.62890625 0.62021482 0.60205078\n",
      "  0.58320314 0.56357419 0.54277349 0.50458986 0.47041017 0.44628906\n",
      "  0.40859377]\n",
      " [0.12060548 0.22587891 0.27500001 0.30087891 0.36289066 0.43037111\n",
      "  0.46552736 0.49404296 0.50771481 0.53154302 0.55107427 0.57626951\n",
      "  0.60664058 0.62343752 0.63105476 0.63564456 0.62841797 0.60927737\n",
      "  0.59423828 0.57207036 0.55283201 0.51347655 0.47792971 0.45527345\n",
      "  0.41621095]\n",
      " [0.11464844 0.21601564 0.26445311 0.29003906 0.34775388 0.41298828\n",
      "  0.44746095 0.47490236 0.48769534 0.51308596 0.53046876 0.55664062\n",
      "  0.58789062 0.6058594  0.6189453  0.62763673 0.62724608 0.61513674\n",
      "  0.60341799 0.58320314 0.56416017 0.52597654 0.48876953 0.46728516\n",
      "  0.42607421]\n",
      " [0.11210938 0.21103516 0.26005861 0.28603518 0.34423831 0.40927732\n",
      "  0.44042969 0.46689454 0.47880858 0.50263667 0.51826173 0.54667974\n",
      "  0.57724607 0.59609377 0.61464846 0.625      0.63144535 0.62578124\n",
      "  0.61601561 0.59882808 0.57978517 0.54238284 0.50498044 0.4826172\n",
      "  0.44160157]\n",
      " [0.11337891 0.21425782 0.26103517 0.28740236 0.34316409 0.40781251\n",
      "  0.44003907 0.46416014 0.47343749 0.49306643 0.50625002 0.53398436\n",
      "  0.56650388 0.58642578 0.60761714 0.62089849 0.62978518 0.62919927\n",
      "  0.62470704 0.60966802 0.59208989 0.55478513 0.51542968 0.49189454\n",
      "  0.44833988]\n",
      " [0.11181641 0.20507812 0.25244141 0.27656251 0.32998049 0.39179689\n",
      "  0.42099613 0.44384766 0.45019531 0.46826172 0.47861329 0.50703126\n",
      "  0.53935546 0.55966794 0.58183599 0.59990239 0.61611331 0.62529296\n",
      "  0.62763673 0.62080079 0.60820317 0.57509768 0.53847659 0.51650387\n",
      "  0.47109377]\n",
      " [0.10654297 0.19394532 0.23681641 0.25732425 0.30703124 0.36503908\n",
      "  0.38935548 0.40742189 0.41269532 0.42802733 0.43691406 0.46220702\n",
      "  0.49521482 0.51347661 0.53720701 0.55644536 0.58193362 0.60390627\n",
      "  0.61435544 0.61630857 0.61191404 0.59384763 0.56591797 0.54374999\n",
      "  0.49677733]\n",
      " [0.10087891 0.18378907 0.22441407 0.2421875  0.2890625  0.34355468\n",
      "  0.36357421 0.37929687 0.38349611 0.39677736 0.4044922  0.42900389\n",
      "  0.45966798 0.47753906 0.50263673 0.52539062 0.55380857 0.58144534\n",
      "  0.59667969 0.60625005 0.60917968 0.60410154 0.58261722 0.56201172\n",
      "  0.51464844]\n",
      " [0.09492187 0.17207031 0.20937499 0.22666016 0.26923829 0.32099611\n",
      "  0.33701172 0.35273439 0.35292971 0.36474609 0.37265626 0.39326173\n",
      "  0.42314452 0.44111329 0.46650392 0.48876953 0.51953125 0.55019534\n",
      "  0.57119143 0.58359373 0.59296876 0.60556638 0.59658206 0.57880861\n",
      "  0.52880859]\n",
      " [0.09111328 0.16562501 0.20214844 0.21757814 0.25683594 0.30585939\n",
      "  0.32148439 0.33525389 0.33437502 0.34589845 0.35361329 0.37275392\n",
      "  0.40175784 0.42021483 0.44453126 0.46689451 0.49638671 0.5277344\n",
      "  0.54931647 0.56474602 0.57753909 0.59541017 0.59443361 0.58271486\n",
      "  0.53193361]\n",
      " [0.08867188 0.16054687 0.19501953 0.20976563 0.24677736 0.29453123\n",
      "  0.30781251 0.3194336  0.31796873 0.32861328 0.33427733 0.35292968\n",
      "  0.38242188 0.40009767 0.42460936 0.44638672 0.47539061 0.50595707\n",
      "  0.5280273  0.54345703 0.55810547 0.57978517 0.58623046 0.57900393\n",
      "  0.53144532]\n",
      " [0.08798829 0.15546876 0.19082032 0.20576173 0.24121094 0.28486326\n",
      "  0.2977539  0.30644533 0.3027344  0.31025392 0.31376952 0.33271486\n",
      "  0.35986328 0.37763673 0.40029299 0.41982424 0.45039064 0.48300782\n",
      "  0.50312501 0.5216797  0.53476566 0.55615234 0.56533206 0.56152344\n",
      "  0.52783203]]\n",
      "Shape: (25, 25)\n",
      "\n",
      "(0, 3):\n",
      "[[0.61699218 0.36552736 0.29589844 0.27285159 0.23613283 0.20458984\n",
      "  0.19013672 0.17587891 0.16210938 0.1522461  0.13984376 0.1397461\n",
      "  0.13642578 0.1305664  0.13251954 0.12783203 0.12792969 0.12255859\n",
      "  0.11953125 0.1171875  0.11357422 0.1102539  0.10605469 0.10292969\n",
      "  0.10175782]\n",
      " [0.46464843 0.48662108 0.42500001 0.39814454 0.34335938 0.28789061\n",
      "  0.26191407 0.24023438 0.22373047 0.21083987 0.19423829 0.19121094\n",
      "  0.18623048 0.1805664  0.18154296 0.17636719 0.17578125 0.16738281\n",
      "  0.16162109 0.15878907 0.15273438 0.14794922 0.14160156 0.13720703\n",
      "  0.13544922]\n",
      " [0.41660157 0.49013671 0.47294921 0.45273441 0.39013672 0.32890627\n",
      "  0.29609376 0.26972657 0.2461914  0.23251954 0.21464846 0.20986329\n",
      "  0.20625001 0.20029297 0.20107423 0.19541016 0.1944336  0.18496095\n",
      "  0.17802736 0.17451173 0.16845703 0.16376953 0.15791017 0.15205078\n",
      "  0.15166017]\n",
      " [0.34316409 0.49726564 0.5199219  0.51513672 0.46474612 0.39765626\n",
      "  0.36396486 0.33398438 0.31123048 0.29199219 0.27285159 0.26621094\n",
      "  0.25839844 0.25156251 0.25097656 0.24326172 0.24140626 0.23242188\n",
      "  0.22324219 0.21826172 0.20781252 0.20009765 0.19140625 0.18203124\n",
      "  0.18066406]\n",
      " [0.34287113 0.4852539  0.53212893 0.53564453 0.48789063 0.421875\n",
      "  0.38535157 0.35302734 0.32685548 0.30527344 0.28154296 0.27714843\n",
      "  0.26845703 0.25966796 0.25966799 0.24990234 0.24873048 0.2390625\n",
      "  0.23076174 0.22480468 0.21328124 0.20507812 0.19638672 0.18613282\n",
      "  0.18417969]\n",
      " [0.31474608 0.47900394 0.53291011 0.55273438 0.52861333 0.47294924\n",
      "  0.43808597 0.40595704 0.37939453 0.35537112 0.33066407 0.32421875\n",
      "  0.3125     0.30156249 0.30000001 0.29042968 0.28535157 0.27363282\n",
      "  0.26367188 0.25537109 0.24208985 0.23056641 0.21982422 0.20830078\n",
      "  0.20429687]\n",
      " [0.24726562 0.43105468 0.5060547  0.54189456 0.57109374 0.54208982\n",
      "  0.515625   0.48417968 0.4583008  0.43847656 0.41044924 0.40000001\n",
      "  0.38867188 0.37460938 0.37197265 0.35957032 0.35449219 0.34052736\n",
      "  0.32783204 0.3203125  0.30400392 0.28710938 0.27216798 0.25859374\n",
      "  0.25195312]\n",
      " [0.20644531 0.3767578  0.46552736 0.50722653 0.56054688 0.57587886\n",
      "  0.56171876 0.53398436 0.50830078 0.49277344 0.46826172 0.45761719\n",
      "  0.44443363 0.42812499 0.42285156 0.41035157 0.40488279 0.38808596\n",
      "  0.37451172 0.36562499 0.34746093 0.32792971 0.30927736 0.29375002\n",
      "  0.28388673]\n",
      " [0.19248047 0.35595703 0.44003907 0.48203126 0.54931641 0.59062505\n",
      "  0.59072268 0.57148433 0.54951173 0.53759766 0.51367188 0.50390625\n",
      "  0.49404299 0.47607422 0.47255859 0.45791018 0.45195314 0.43339843\n",
      "  0.41923827 0.40917969 0.38945311 0.36474609 0.34169924 0.32490236\n",
      "  0.3107422 ]\n",
      " [0.17607422 0.33007812 0.40957031 0.44951171 0.51884764 0.58261722\n",
      "  0.59794927 0.5891602  0.57197261 0.56425786 0.54638672 0.54111326\n",
      "  0.53671879 0.52187502 0.51796877 0.50458986 0.49726564 0.47958982\n",
      "  0.46250001 0.44931641 0.42812502 0.40078127 0.37548828 0.35527346\n",
      "  0.33642578]\n",
      " [0.16503906 0.30419922 0.37832031 0.41523439 0.48671877 0.55410159\n",
      "  0.57949221 0.58212888 0.56660157 0.56181645 0.55078125 0.55156255\n",
      "  0.56162107 0.55576169 0.55585939 0.54658204 0.54140627 0.52373052\n",
      "  0.50761724 0.49560547 0.47392577 0.44580078 0.41826174 0.39746094\n",
      "  0.37197268]\n",
      " [0.15097657 0.28437501 0.35498047 0.38828126 0.45693362 0.52929688\n",
      "  0.55888671 0.57070315 0.56259769 0.56445312 0.55654299 0.56181639\n",
      "  0.5738281  0.57011718 0.57314456 0.5667969  0.56240237 0.54726565\n",
      "  0.53037113 0.51796877 0.49462891 0.46572268 0.43603519 0.41494143\n",
      "  0.38994142]\n",
      " [0.14169922 0.27011719 0.33457032 0.36611328 0.43720704 0.50595701\n",
      "  0.53955078 0.55830073 0.55917966 0.56748044 0.56699216 0.57607424\n",
      "  0.59326172 0.59062505 0.59531254 0.58876956 0.58232421 0.56376952\n",
      "  0.54492188 0.53007811 0.50683594 0.47509769 0.44326174 0.42246094\n",
      "  0.39511719]\n",
      " [0.13779297 0.26318359 0.32255858 0.35371095 0.42177734 0.48906249\n",
      "  0.52421874 0.54707026 0.55937505 0.57529294 0.58076173 0.59208989\n",
      "  0.60888672 0.60419923 0.60429686 0.59541017 0.58749998 0.56875002\n",
      "  0.54824221 0.53222656 0.5078125  0.47314453 0.44101563 0.42001954\n",
      "  0.39033204]\n",
